Argon                                                                   
         1       150
Ar      Ar      
  2.500000E-02  0.000000E+00
  7.500000E-02  0.000000E+00
  1.250000E-01  0.000000E+00
  1.750000E-01  0.000000E+00
  2.250000E-01  0.000000E+00
  2.750000E-01  0.000000E+00
  3.250000E-01  0.000000E+00
  3.750000E-01  0.000000E+00
  4.250000E-01  0.000000E+00
  4.750000E-01  0.000000E+00
  5.250000E-01  0.000000E+00
  5.750000E-01  0.000000E+00
  6.250000E-01  0.000000E+00
  6.750000E-01  0.000000E+00
  7.250000E-01  0.000000E+00
  7.750000E-01  0.000000E+00
  8.250000E-01  0.000000E+00
  8.750000E-01  0.000000E+00
  9.250000E-01  0.000000E+00
  9.750000E-01  0.000000E+00
  1.025000E+00  0.000000E+00
  1.075000E+00  0.000000E+00
  1.125000E+00  0.000000E+00
  1.175000E+00  0.000000E+00
  1.225000E+00  0.000000E+00
  1.275000E+00  0.000000E+00
  1.325000E+00  0.000000E+00
  1.375000E+00  0.000000E+00
  1.425000E+00  0.000000E+00
  1.475000E+00  0.000000E+00
  1.525000E+00  0.000000E+00
  1.575000E+00  0.000000E+00
  1.625000E+00  0.000000E+00
  1.675000E+00  0.000000E+00
  1.725000E+00  0.000000E+00
  1.775000E+00  0.000000E+00
  1.825000E+00  0.000000E+00
  1.875000E+00  0.000000E+00
  1.925000E+00  0.000000E+00
  1.975000E+00  0.000000E+00
  2.025000E+00  0.000000E+00
  2.075000E+00  0.000000E+00
  2.125000E+00  0.000000E+00
  2.175000E+00  0.000000E+00
  2.225000E+00  0.000000E+00
  2.275000E+00  0.000000E+00
  2.325000E+00  1.744672E-03
  2.375000E+00  1.671988E-03
  2.425000E+00  1.603753E-02
  2.475000E+00  6.004485E-02
  2.525000E+00  1.775091E-01
  2.575000E+00  3.641231E-01
  2.625000E+00  7.021372E-01
  2.675000E+00  1.021452E+00
  2.725000E+00  1.411948E+01
  2.775000E+00  1.483142E+00
  2.825000E+00  1.487832E+00
  2.875000E+00  1.516403E+00
  2.925000E+00  1.457288E+00
  2.975000E+00  1.370355E+00
  3.025000E+00  1.259467E+00
  3.075000E+00  1.142042E+00
  3.125000E+00  9.966593E-01
  3.175000E+00  8.326643E-01
  3.225000E+00  8.133934E-01
  3.275000E+00  6.559702E-01
  3.325000E+00  6.193291E-01
  3.375000E+00  5.315644E-01
  3.425000E+00  4.470152E-01
  3.475000E+00  4.490835E-01
  3.525000E+00  3.924112E-01
  3.575000E+00  3.704426E-01
  3.625000E+00  3.545524E-01
  3.675000E+00  3.051662E-01
  3.725000E+00  2.970289E-01
  3.775000E+00  2.706820E-01
  3.825000E+00  1.332376E+01
  3.875000E+00  2.713380E-01
  3.925000E+00  2.589593E-01
  3.975000E+00  2.560670E-01
  4.025000E+00  2.765239E-01
  4.075000E+00  2.572847E-01
  4.125000E+00  2.660507E-01
  4.175000E+00  2.645861E-01
  4.225000E+00  2.821364E-01
  4.275000E+00  2.853805E-01
  4.325000E+00  2.914252E-01
  4.375000E+00  2.813530E-01
  4.425000E+00  3.309039E-01
  4.475000E+00  3.263766E-01
  4.525000E+00  3.730953E-01
  4.575000E+00  3.893172E-01
  4.625000E+00  4.166587E-01
  4.675000E+00  4.466315E-01
  4.725000E+00  6.170633E+00
  4.775000E+00  4.852032E-01
  4.825000E+00  5.225978E-01
  4.875000E+00  5.420933E-01
  4.925000E+00  5.552497E-01
  4.975000E+00  5.913958E-01
  5.025000E+00  5.908906E-01
  5.075000E+00  6.481477E-01
  5.125000E+00  6.438215E-01
  5.175000E+00  6.525709E-01
  5.225000E+00  6.425596E-01
  5.275000E+00  6.528065E-01
  5.325000E+00  6.525788E-01
  5.375000E+00  6.783625E-01
  5.425000E+00  3.914739E+00
  5.475000E+00  6.730012E-01
  5.525000E+00  6.491348E-01
  5.575000E+00  6.545365E-01
  5.625000E+00  6.223847E-01
  5.675000E+00  6.240584E-01
  5.725000E+00  6.117667E-01
  5.775000E+00  5.893420E-01
  5.825000E+00  5.606447E-01
  5.875000E+00  5.511425E-01
  5.925000E+00  5.456410E-01
  5.975000E+00  5.037890E-01
  6.025000E+00  4.853294E-01
  6.075000E+00  1.083903E+01
  6.125000E+00  4.512593E-01
  6.175000E+00  4.335927E-01
  6.225000E+00  4.371210E-01
  6.275000E+00  4.165299E-01
  6.325000E+00  4.083202E-01
  6.375000E+00  3.905691E-01
  6.425000E+00  3.966227E-01
  6.475000E+00  3.779235E-01
  6.525000E+00  3.994008E-01
  6.575000E+00  3.844047E-01
  6.625000E+00  9.085478E+00
  6.675000E+00  3.829220E-01
  6.725000E+00  3.983118E-01
  6.775000E+00  3.906051E-01
  6.825000E+00  4.065676E-01
  6.875000E+00  4.236225E-01
  6.925000E+00  4.316875E-01
  6.975000E+00  4.454881E-01
  7.025000E+00  4.701289E-01
  7.075000E+00  4.516372E-01
  7.125000E+00  4.841492E-01
  7.175000E+00  4.884172E-01
  7.225000E+00  5.078784E-01
  7.275000E+00  5.239091E-01
  7.325000E+00  5.220545E-01
  7.375000E+00  5.266177E-01
  7.425000E+00  5.506844E-01
  7.475000E+00  5.740622E-01
