Argon                                                                   
 ENERGY UNITS = kjoule/mol
         0  0.000000E+00        37
  1.187522E+05  6.381096E-01  1.187443E+05  1.187443E+05  0.000000E+00
  0.000000E+00  0.000000E+00  0.000000E+00  0.000000E+00  7.200849E+05
  0.000000E+00 -1.803982E+06 -1.803982E+06  0.000000E+00  0.000000E+00
  0.000000E+00  0.000000E+00  0.000000E+00  2.000000E+04  0.000000E+00
  0.000000E+00  0.000000E+00  9.000000E+01  9.000000E+01  9.000000E+01
  0.000000E+00  4.927398E+02  0.000000E+00  4.927399E+02 -1.535035E-04
 -3.018983E-04 -1.535035E-04  4.927398E+02  1.070573E-04 -3.018983E-04
  1.070573E-04  4.927397E+02
      5000  5.000000E+00        37
  5.351108E+04  2.554691E+02  5.032812E+04  5.032812E+04  0.000000E+00
  0.000000E+00  0.000000E+00  0.000000E+00  0.000000E+00  3.696144E+05
  0.000000E+00 -9.419441E+05 -9.419441E+05  0.000000E+00  0.000000E+00
  0.000000E+00  0.000000E+00  0.000000E+00  2.000000E+04  0.000000E+00
  0.000000E+00  0.000000E+00  9.000000E+01  9.000000E+01  9.000000E+01
  0.000000E+00  2.590192E+02  1.579616E+00  2.617091E+02  3.262872E+00
  3.113614E+00  3.262872E+00  2.550952E+02 -1.536824E-02  3.113614E+00
 -1.536824E-02  2.602532E+02
